# Студент Чебаков, группа Б03-604
# Симуляция на основе генератора псевдослучайных чисел
# Распределение: pareto, интенсивность mu = 10.0, показатель alpha = 2.0
0
0
25
0
7
8
1
16
2
9
15
5
6
1
2
9
0
14
46
4
12
0
5
6
11
13
2
1
0
15
9
0
0
66
14
7
27
0
9
2
2
1
0
0
34
9
4
0
2
2
3
3
1
2
99
3
15
3
3
0
11
4
2
0
1
0
3
59
14
2
0
1
11
8
7
0
1
67
0
0
3
4
3
6
5
1
3
1
5
2
1
0
5
2
16
2
8
3
1
6
0
9
6
0
13
12
8
9
4
24
3
6
1
8
6
34
9
0
1
12
4
4
11
0
9
9
2
1
3
42
5
1
0
8
6
10
7
2
4
1
18
5
0
85
0
5
3
5
0
2
38
0
1
2
0
0
0
9
1
1
1
3
14
0
9
0
2
12
1
10
3
1
7
1
11
1
84
12
0
2
0
2
2
8
0
1
2
0
1
0
0
6
8
1
52
14
3
4
8
1
7
1
5
1
1
1
15
0
7
2
0
8
9
2
31
1
1
38
0
14
1
3
1
6
6
0
458
3
0
21
16
29
3
0
0
3
0
2
1
0
0
4
3
18
27
1
3
1
4
7
1
1
2
2
3
0
2
0
2
0
0
2
1
29
9
8
0
0
2
6
5
12
1
1
0
1
8
1
37
4
4
6
0
16
3
2
1
2
0
5
3
0
1
6
27
0
6
5
22
4
4
1
0
0
2
23
14
2
2
0
0
4
3
1
8
3
3
1
10
2
6
0
11
1
5
2
12
3
2
9
1
0
2
9
18
3
1
1
13
1
9
0
8
11
0
1
4
2
52
39
1
5
15
0
49
9
3
1
15
64
1
15
0
2
1
7
9
2
1
6
46
103
1
1
3
15
7
3
0
15
5
1
2
0
2
4
7
4
25
1
8
1
15
2
5
7
4
3
2
15
0
1
4
5
3
0
0
0
2
0
13
41
0
28
4
8
7
4
0
17
0
1
2
26
6
2
2
14
4
0
10
9
5
1
11
6
18
6
5
22
37
8
0
0
9
6
8
1
0
0
4
4
14
5
1
6
2
2
2
24
8
20
19
15
2
12
5
12
10
2
4
4
3
5
11
4
2
2
4
1
3
1
1
7
0
2
17
1
3
1
0
27
13
34
12
8
3
1
8
0
21
3
3
2
8
20
10
14
2
31
5
1
7
4
32
6
7
112
2
10
2
0
1
7
4
18
3
1
2
10
4
55
0
9
1
1
1
3
0
1
83
5
31
15
1
3
3
1
2
14
9
7
23
24
0
1
3
3
2
8
1
13
1
0
2
2
54
0
20
0
7
7
4
7
36
13
64
16
13
6
0
8
0
2
2
2
7
14
6
0
3
2
29
6
12
11
4
6
3
13
1
12
0
4
10
3
0
5
5
5
0
4
3
7
10
1
4
0
4
22
8
9
19
0
6
4
25
0
33
1
35
3
9
5
11
32
0
5
9
61
1
2
24
5
11
0
1
4
65
4
2
39
11
8
7
21
27
19
7
2
12
0
1
3
4
0
0
2
3
0
1
2
2
6
0
2
13
31
1
10
4
9
0
4
1
27
0
0
1
3
6
0
2
2
9
8
10
1
2
0
5
0
17
9
5
68
54
2
5
1
0
8
3
3
54
11
11
2
0
5
22
11
3
13
8
8
34
9
8
2
4
71
1
4
3
3
7
4
13
1
3
3
43
1
10
1
1
6
9
10
3
5
2
8
88
8
28
1
7
11
3
7
10
2
17
3
0
7
5
53
7
1
1
0
21
74
1
3
4
4
1
5
2
8
5
8
4
3
8
20
0
7
0
16
4
12
7
2
1
1
2
2
100
1
2
2
24
9
5
1
7
1
6
1
1
1
7
28
3
1
1
1
18
1
1
12
1
3
1
6
11
7
3
0
0
5
62
0
1
1
49
5
0
1
0
0
3
35
11
15
2
7
16
1
12
2
0
7
13
10
5
0
2
0
43
0
2
21
0
0
4
0
6
5
0
17
2
0
2
0
45
7
8
17
22
1
3
2
0
2
7
8
4
0
0
1
22
3
3
8
0
3
1
24
0
9
2
14
11
1
1
2
0
0
8
15
11
33
0
82
14
0
4
25
1
7
0
1
5
1
0
0
1
4
6
1
7
4
1
9
4
28
0
7
3
2
2
0
1
3
6
4
1
2
3
0
7
31
5
15
3
7
0
4
11
3
45
2
1
1
1
3
5
3
3
5
1
1
26
4
15
22
13
11
0
11
7
5
17
8
5
0
2
7
14
53
0
8
20
16
7
7
4
4
0
0
8
39
21
2
4
0
60
1
2
0
1
26
24
7
21
11
5
0
0
119
5
39
3
3
6
6
5
6
1
182
5
0
0
2
0
0
3
2
33
7
7
0
14
4
5
2
5
0
0
3
2
14
6
2
5
14
5
9
2
14
0
2
1
7
1
2
40
11
9
4
15
12
6
4
12
0
4
21
10
2
1
3
0
34
2
42
0
3
9
0
2
7
54
0
4
91
3
6
2
14
6
0
26
1
9
161
5
1
1
0
0
0
9
16
6
7
1
1
1
0
30
23
18
1
7
2
0
14
2
0
25
7
4
6
1
1
3
14
0
0
22
5
1
103
19
0
0
10
8
7
3
1
3
5
11
0
0
3
2
10
6
2
2
15
10
3
0
2
1
5
22
11
24
1
3
1
0
6
12
3
2
12
30
9
4
1
11
34
1
25
1
20
0
19
0
2
8
5
5
0
19
3
4
0
1
8
5
2
4
5
6
1
2
1
12
10
9
0
2
0
0
1
4
22
3
3
8
0
1
44
12
0
1
7
0
14
0
6
4
5
16
0
4
5
65
1
5
10
1
0
1
1
3
5
1
1
1
4
55
3
2
10
11
2
10
37
1
5
4
12
10
51
3
5
2
1
9
3
10
0
18
0
1
3
1
3
8
4
3
9
2
5
9
0
0
1
52
4
3
5
21
20
1
95
9
3
7
3
0
24
2
14
0
1
4
1
18
21
1
6
2
2
1
3
1
3
4
15
1
47
1
1
1
2
4
4
16
0
0
6
20
1
7
0
3
1
0
1
1
1
9
8
1
0
7
0
14
1
7
0
4
30
2
5
1
2
28
5
5
10
2
5
3
1
1
4
1
16
3
6
5
4
13
11
7
4
4
32
35
4
0
7
4
0
0
7
8
4
0
19
4
3
3
2
8
16
34
17
0
9
6
0
6
0
1
4
2
10
1
1
1
4
0
0
6
12
1
3
6
0
7
3
6
19
15
9
6
2
0
3
0
3
1
4
7
0
4
2
1
7
7
9
6
8
1
1
8
0
0
12
12
4
34
13
1
1
30
2
7
3
3
0
0
0
3
0
26
0
4
1
13
8
5
5
1
12
13
4
11
9
24
2
2
0
4
2
0
5
0
2
0
32
13
11
0
1
2
4
24
0
7
6
7
10
12
19
34
0
29
12
7
2
1
0
0
9
3
11
3
4
3
2
3
6
0
74
6
4
5
18
7
3
0
7
9
4
0
4
0
2
1
4
17
2
4
14
6
1
6
4
0
0
0
9
2
14
9
7
2
4
62
0
3
3
8
6
1
2
17
8
0
0
17
65
3
0
2
2
1
2
0
1
4
2
0
0
4
4
2
1
8
9
0
6
4
4
14
28
17
22
2
4
15
2
2
0
3
11
14
0
12
2
15
2
2
14
0
0
1
4
0
1
0
0
48
8
2
14
6
4
34
6
0
8
23
3
3
7
1
2
4
3
1
1
1
0
2
2
1
1
20
6
0
3
9
20
3
6
0
4
10
1
5
0
7
9
1
13
3
2
1
9
2
4
4
2
8
7
0
17
0
7
28
1
0
1
16
13
1
175
1
12
4
1
20
0
1
3
1
12
24
3
12
2
5
4
0
0
3
0
6
3
20
6
43
1
3
1
4
25
2
85
7
29
4
3
6
2
29
5
4
9
3
6
2
6
15
7
0
5
7
3
2
4
6
0
2
5
24
0
18
16
3
28
0
9
6
3
14
17
8
3
11
1
9
1
3
1
6
2
2
7
0
7
13
4
10
1
1
2
0
0
6
1
0
209
64
1
37
1
7
0
32
3
7
30
4
3
6
0
16
47
10
1
3
4
5
0
0
7
8
4
6
32
4
0
5
27
1
2
4
1
2
2
66
41
7
7
1
2
0
7
15
0
10
1
4
5
0
26
3
6
2
6
1
1
32
4
0
2
29
6
1
5
4
2
3
3
0
6
0
7
4
8
39
25
0
13
4
7
8
6
2
82
4
3
0
6
5
1
2
5
2
0
2
8
4
8
43
18
5
4
1
0
5
0
16
4
8
7
0
0
6
4
4
1
1
0
12
5
6
6
4
8
2
1
5
0
4
1
2
3
0
23
6
1
11
32
10
13
32
0
27
3
0
4
12
0
7
0
0
10
2
1
13
1
0
3
7
3
15
1
1
10
23
77
22
23
52
2
11
23
3
9
7
5
20
153
2
24
0
0
4
14
13
1
0
2
10
1
12
1
2
120
10
8
1
0
2
5
2
32
0
2
2
1
21
4
1
6
5
0
10
0
6
0
15
10
1
1
19
0
11
18
2
1
34
0
10
10
9
46
2
5
3
5
10
4
44
0
11
52
0
0
1
2
1
4
1
1
12
3
5
12
9
7
57
0
19
4
12
4
12
5
9
1
9
1
7
94
0
1
98
7
41
16
10
0
42
59
14
6
0
2
3
1
3
7
1
6
0
15
1
0
24
48
0
12
13
9
0
2
3
0
1
5
0
3
1
6
1
0
35
1
202
0
9
1
0
13
7
19
9
5
10
1
2
3
40
0
48
0
47
3
1
5
5
52
4
3
3
3
0
11
0
12
3
11
4
1
5
0
4
0
0
2
4
20
2
2
0
4
18
1
0
11
0
14
25
1
57
0
0
21
1
9
2
1
50
9
6
9
5
0
7
2
1
38
4
1
23
0
8
4
4
1
2
12
13
2
0
3
19
10
2
1
5
18
14
17
2
0
2
0
1
0
1
13
0
0
19
0
8
0
11
0
10
1
6
2
3
0
11
0
7
5
0
0
3
9
2
1
4
2
0
2
1
0
10
6
25
4
3
0
3
5
8
16
1
8
14
8
5
4
11
6
5
14
1
2
30
3
0
3
8
1
2
0
1
2
27
3
0
6
3
1
10
1
40
0
7
2
15
0
12
1
0
1
11
1
4
2
26
2
35
2
38
0
4
5
1
8
7
4
9
13
1
2
18
0
9
23
2
1
11
9
6
12
7
0
8
4
0
2
2
0
2
1
6
20
0
2
6
7
21
26
4
0
240
9
9
0
7
3
17
1
2
2
7
7
3
1
4
0
42
3
0
0
2
6
1
1
0
0
2
1
3
2
15
3
1
0
3
0
1
1
0
4
13
39
13
8
3
1
5
2
4
7
8
0
0
2
4
8
4
12
1
71
1
19
9
1
3
2
28
9
2
6
3
5
0
3
1
3
2
12
14
18
2
6
33
1
19
1
0
2
17
1
11
0
15
0
4
7
3
1
10
5
14
1
21
25
2
10
2
25
5
4
0
6
1
0
1
1
2
1
2
18
2
22
12
1
3
11
2
10
1
15
29
4
2
6
0
8
3
4
2
1
8
4
1
31
2
5
11
4
2
11
8
25
0
15
1
7
4
21
5
0
2
2
4
1
0
2
10
2
11
12
0
2
8
0
1
5
27
3
14
2
0
40
2
24
1
4
1
1
0
3
7
2
19
3
0
0
2
3
0
0
11
4
25
12
0
0
4
2
3
1
13
0
1
4
0
8
23
2
2
1
0
1
26
22
2
1
6
0
2
12
5
16
13
4
20
16
160
2
6
1
0
42
1
5
0
7
3
1
3
0
0
2
1
13
22
21
2
2
6
0
5
0
7
0
4
0
44
3
3
7
8
25
0
21
15
3
0
25
9
1
13
10
6
61
4
2
5
9
9
4
12
1
3
0
17
2
5
3
3
2
4
2
186
7
14
1
13
27
12
0
3
1
6
2
0
1
10
1
41
4
26
0
6
30
0
16
1
1
1
9
8
0
1
3
2
3
0
14
4
1
0
8
2
9
2
24
4
55
13
4
2
7
2
11
20
5
2
0
0
0
0
1
41
0
10
1
4
3
6
5
1
1
1
7
1
0
2
0
6
0
18
5
4
1
4
1
4
44
18
4
11
2
0
1
15
21
6
52
1
63
27
5
0
5
228
21
1
14
11
2
9
0
4
1
2
6
40
4
0
0
17
3
14
8
1
1
1
3
4
0
4
8
5
33
3
1
27
0
139
4
0
0
2
11
0
19
40
20
10
32
1
1
6
5
11
5
5
4
1
0
1
29
15
1
2
0
2
1
1
0
13
0
1
3
3
12
42
7
15
2
1
11
7
2
1
0
14
5
7
1
0
0
68
5
2
3
17
0
0
1
28
10
2
3
0
12
1
13
18
8
1
7
4
1
14
27
2
1
2
1
56
0
5
3
0
0
12
11
1
14
3
27
2
8
0
1
0
1
4
12
3
10
1
1
11
4
8
7
21
7
72
4
30
24
22
7
1
19
56
3
15
22
6
0
25
3
0
2
39
2
8
5
10
10
1
125
1
16
37
23
2
1
1
46
60
0
3
1
0
1
1
18
8
1
14
1
2
20
9
2
1
8
1
0
3
2
6
1
0
5
16
7
4
0
7
1
3
4
1
9
0
20
0
66
1
5
2
18
3
35
51
0
0
4
20
0
5
6
1
136
1
7
2
1
57
0
6
71
6
4
2
5
3
31
2
17
8
19
5
11
1
82
4
5
5
4
7
2
2
3
4
5
15
23
7
7
83
2
1
95
7
1
1
0
3
0
12
0
10
13
13
5
13
4
5
1
12
12
2
1
0
9
3
6
0
14
32
1
11
2
118
5
0
0
1
1
10
10
2
6
3
2
2
9
2
2
0
5
9
23
2
8
2
2
6
1
5
4
1
13
3
2
3
0
0
3
5
6
4
0
10
29
3
42
11
10
7
3
2
13
16
1
13
1
1
4
4
12
4
0
0
3
2
3
0
8
0
0
9
2
1
0
5
1
8
0
24
0
0
20
2
1
8
0
18
12
9
3
0
4
36
18
10
1
14
9
19
2
19
2
0
3
4
2
2
1
0
13
2
2
0
0
0
34
0
3
1
1
1
10
59
0
1
9
16
1
2
1
0
4
0
3
7
2
1
4
1
23
3
4
1
22
6
5
4
3
5
2
1
7
0
0
22
5
14
0
1
1
41
146
10
12
8
3
2
228
0
7
1
3
16
6
2
4
10
3
5
71
5
2
32
1
6
86
12
1
3
5
7
0
2
1
7
0
4
50
8
1
4
1
10
0
0
8
0
8
0
5
0
6
5
8
7
1
2
6
0
3
0
8
0
6
12
12
6
1
2
12
17
6
1
0
7
29
26
1
1
0
3
16
2
67
0
8
0
14
11
9
3
16
6
1
0
0
5
15
9
0
8
7
4
8
1
2
0
13
15
0
5
1
20
5
5
2
0
8
32
5
2
0
0
19
0
1
3
6
0
11
2
79
1
33
0
7
0
1162
9
13
20
1
1
0
0
17
4
13
27
67
4
7
0
3
3
1
1
7
0
12
4
0
2
14
9
53
2
7
11
27
2
18
0
0
6
0
3
4
3
12
26
60
3
0
2
2
44
1
0
1
5
5
3
2
4
4
5
20
8
2
4
1
80
1
0
19
0
1
8
5
0
2
4
21
18
3
2
2
18
6
0
3
1
2
2
10
35
16
3
7
8
4
4
3
19
0
0
6
3
0
3
12
2
6
12
0
6
3
8
11
7
0
4
2
4
4
6
22
12
2
2
14
1
13
8
10
0
3
6
1
12
13
0
0
1
2
0
2
25
3
10
0
2
35
1
1
1
16
2
10
0
2
2
5
3
4
9
5
3
0
12
14
2
9
6
2
26
3
2
2
6
13
4
5
1
78
1
6
16
2
110
2
0
0
21
3
21
1
1
4
2
5
17
0
1
6
7
0
1
0
0
6
0
1
2
4
9
0
15
6
42
9
17
10
7
96
7
2
9
19
2
2
0
1
4
4
3
4
3
39
21
5
3
4
1
7
7
6
0
2
1
7
0
0
8
1
0
0
2
1
3
4
5
31
3
1
0
0
7
1
9
3
4
2
0
1
0
0
0
17
12
0
0
1
0
10
2
4
53
3
4
1
0
3
67
0
7
10
0
7
1
4
1
1
0
0
14
5
6
2
3
2
2
0
16
1
0
3
0
5
9
6
323
10
29
5
0
5
1
10
4
8
51
5
31
11
3
8
7
3
0
1
4
34
17
8
7
47
2
8
1
12
17
1
27
8
17
0
0
10
4
43
2
9
7
11
4
4
0
4
1
1
15
1
5
2
28
1
3
1
22
1
7
4
9
9
24
18
12
2
3
3
4
1
0
1
0
0
29
102
5
2
8
16
0
6
0
2
0
3
2
4
22
1
3
5
12
0
1
2
10
8
4
0
7
1
0
23
7
2
7
9
5
5
27
3
90
4
49
5
0
0
16
4
0
6
7
0
15
4
0
7
3
0
2
2
14
0
12
22
2
4
1
2
3
28
2
4
0
5
5
3
5
3
3
0
2
37
2
6
1
72
45
0
0
4
66
13
1
1
10
4
7
3
18
29
0
130
2
5
2
8
0
0
9
14
8
0
2
0
11
2
1
4
26
1
3
13
11
3
21
24
1
41
8
6
17
4
6
4
4
1
0
4
0
33
21
1
1
0
9
7
7
39
4
65
0
0
23
1
0
1
3
3
0
0
0
0
1
30
11
2
2
47
0
6
1
0
1
19
5
3
3
0
3
9
20
6
37
1
6
45
4
2
2
3
3
18
3
2
12
3
6
4
39
2
12
15
6
7
30
3
1
9
4
7
1
5
169
0
21
0
95
18
3
1
0
1
1
0
0
2
8
1
9
26
5
10
10
1
8
0
4
3
22
11
171
0
23
0
5
0
5
2
1
5
1
8
# количество точек 4000
