# Студент Чебаков, группа Б03-604
# Симуляция на основе генератора псевдослучайных чисел
# Распределение: pareto, интенсивность mu = 10.0, показатель alpha = 1.0
7
4
90
6
0
3
278
1
0
7
0
53
8
196
18
13
11
1
84
2
124
22
204
11
0
1
73
97
133
4
54
12
6
41
7
4
1
11
5
4
2
6
4
9
5
14
31
109
144
6
3
3
3
0
38
70
87
0
7
10
18
8
5
83
42
574
599
169
3
34
75
1
12
11
49
1
25
32
138
88
1
27
39
156
0
11
21
3
19
1
0
10
10
5
70
10
0
4
8
0
2
70
86
29
8
0
0
796
14
0
3
11
33
4
11
64
11
6
39
27
12
101
9
3
132
2
4
71
94
35
11
59
0
0
753
0
33
14
1
13
0
31
8
3
0
2
336
10
1787
5
35
10
25
15
6
2
3
3
4
6
4
4
10
3
18
5
15
12
12
6
38
2
87
15
0
21
45
0
80
22
9
76
3
7
4
6
695
19
10
1
41
4
10
10
3
2
5
1
24
0
0
7
18
23
27
13
29
4
14
20
27
4
39
26
29
13
25
4
25
9
19
1
0
1
6
21
2
1
10
54
0
12
1
6
40
3
103
20
6
33
108
1
37
5
0
36
54
2
2
0
5
46
2774
3
43
174
2
13
5
3
8631
1
4
20
43
8
13
5
0
19
10
8
24
9
3
749
1
66
6
10
13
23
3
3
52
1
4
5
57
36
160
3
5
2
7
50
5
8
3
2
84
24
2
47
8
37
2
12
9
0
0
17
20
18
0
29
31
245
0
9
8
52
99
2
22
1
4
2
6
5
367
27
55
61
10
0
0
1
0
23
69
0
0
12
43
2
10
1
50
24
14
1
10
59
16
22
3
37
11
24
2
81
3
14
0
7
33
12
17
3
9
81
16
20
22
2
12
2
3
7
13
3
5
6
1
31
54
44
8
11
13
0
60
1
26
47
9
4
56
1
16
10
20
3
64
4
7
3
50
11
24
9
9
2
6
13
1
122
73
42
0
0
0
0
17
12
13
16
17
2
1598
3
55
27
31
14
62
6
7
20
1
58
41
3
86
4
19
0
3
12
41
16
4
3
16
11
30
56
2
3
69
5
1
0
47
70
105
8
2
38
10
82
23
19
12
20
3
172
15
134
15
1
1
0
3
1
92
19
93
15
48
2
0
8
0
17
0
96
70
24
12
695
0
1
27
269
4
13
0
3
82
14
5
68
217
25
1
1
1
1
1229
1
1
12
14
12
76
16
121
2
9
1
1
46
0
24
61
2
18
28
56
12
8
3
11
49
1
65
35
17
0
13
1
0
1
0
1
0
0
197
56
1
237
5
1
5
1
36
25
486
29
0
9
37
11
9
24
22
3
113
4
157
70
6
13
6
7
11
9
1
1
4
1
7
4
134
11
8
0
7
2
1
16
2
4
18
7
89
2
11
15
29
6
1
7
43
7
2
8
54
8
0
2
6
21
63
119
14
43
2
22
7
65
0
2
9
35
9
30
364
2
9
16
3
2
41
2
5
4
24
5
11
290
5
12
3
14
9
67
8
6
11
3
24
0
1
24
2
3
4
3
1
60
1
18
261
1
4
3
6
15
14
80
7
17
21
40
3
1
7
5
7
11
20
194
15
15
6
11
104
25
800
28
6
42
2
5
253
15
72
1
4287
4
89
53
8
1
16
31
19
71
46
1
23
23
3
1
29
1
222
0
35
18
168
12
5
6
2796
15
21
1
781
2
19
30
56
0
11
58
185
0
4
0
0
16
3
25
0
2
4
0
2
2
287
159
8
27
6
8
1
1
1
0
7
5
4
15
19
4
1
113
4
8
325
13
4
0
7
12
47
2
1
0
6
0
17
2
107
6
8
0
1
11
36
26
9
48
5
274
5
2
16
3
11
71
4
136
24
14
17
8
0
67
3
11
4
11
53
4
11
4
4
12
6
42
195
40
153
6
4
0
1
23
8
2
70
4
44
0
3
4
61
11
69
2
10
0
16
1
0
11
6
505
430
21
1
85
12
13
4
1
17
14
2
3
2
13
2
26
7
1
19
19
84
33
9
9
5
60
4
5
119
6
37
4
3
4
1
9
4
0
4
12
757
9
12
271
23
4
7
186
20
5
23
6
13
25
31
4
28
7
28
163
4
2
0
4
44
12
6
2
11
7
1
8
39
13
0
7
242
19
3
7
24
134
7
12
501
66
161
82
18
0
2
12
140
9
22
67
6
39
10
192
1
0
9
13
17
29
2
4
45
26
8
1
15
17
94
22
7
197
154
0
10
2
1
12
27
7
0
9
20
7
32
45
23
1
103
31
12
2
41
10
6
120
3
16
9
1
0
20
1
34
9
18
0
15
0
2
5
0
61
1
11
44
6
24
0
3
0
1
104
18
43
1
9
81
4
243
1
1
37
1
23
41
2
61
2
9
0
20
19
4
6
5
13
4
8
87
3
5
4
8
7
2
11
3
5
2
18
20
22
88
2
116
0
0
8
1
6
9
2
5
5
0
10
95
1
13
90
0
52
25
19
225
1
15
228
2
59
23
49
10
6
6
3
181
38
19
86
3
2
5
50
7
19
30
15
6
26
8
2
5
1
2
30
3
105
0
6
0
19
0
3
3
30
2
22
9
2
0
5
6
23
0
26
19
7
15
12
199
2
15
5
4
41
2
12
3
7
10
33
5
1
2
41
6
7
40
42
3
139
30
35
9
0
19
285
48
9
4
25
3
17
2
383
18
0
96
32
17
0
12
1
16
0
3
23
33
2
41
593
20
15
5
518
29
280
76
5
2
11
27
1
0
7
12
43
2
125
0
4
156
7
3
1
20
4
12
19
13
4
4
8
95
2
3
26
3
1
58
0
45
127
12
3
13
5
31
0
9
11
11
34
5
0
11
24
860
6
1
0
6
48
37
10
31
19
9
1
8
682
0
1
5
4
17
21
14
15
1
37
11
2
0
24
48
12
13
2
6
4
17
10
29
112
32
3
44
15
13
5
8
6
22
18
1
11
80
5
97
80
14
110
9
20
71
11
63
53
9
31
48
9
28
0
27
4
12
338
15
74
4
80
11
8
965
2
57
27
6
23
59
5
1
1
77
6
4
0
2
313
11
23
62
102
216
1068
0
31
15
7
1
55
1
8
10
5
10
19
47
16
8
2
9
3
35
1
6
0
0
132
12
99
8
0
11
7
101
13
7
29
33
150
2039
153
3
0
33
0
102
4
4
32
42
11
1
2
4
1
14
86
5
1
124
58
82
4
0
15
14
23
0
19
4
3
14
98
17
6
0
17
20
517
4
220
56
0
3
1
5
1
5
65
58
0
59
17
27
17
8
4
8
7
174
4
4
0
12
1
12
23
3
28
37
152
13
8203
1
5
1609
1
175
3
1
22
1
1
235
121
2
11
15
825
4
1672
5
2
0
17
9
1
8
7
0
44
5
1629
1
4
0
0
71
71
3
3
2
4
1
9
84
55
63
1
12
2
23
19
7
6
18
107
7
19
14
68
3
6
1
32
3
105
4
4
96
9
55
18
45
0
2
0
11
1
5
2
42
10
5
14
33
5
7
8
1
4
19
4
9
69
20
9
17
17
2
4
10
1983
0
4
157
5
0
7
116
480
70
24
58
4
8
46
7
49
15
0
14
0
6
787
1700
12
6
1
1
54
0
1
50
7
1
40
14
13
35
45
107
2
1
58
0
16
31
0
304
11
5
14
11
2
7
28
2
11
0
0
9
12
0
26
0
10
525
468
16
2
3
67
42
53
260
10
58
8
9
3
37
25
2
6
9
675
10
2
0
5
2
13
122
1
13
0
112
0
27
13
57
4
247
5
4
10
26
15
10
15
0
31
10
4
2
15
1
0
1
3017
202
1
1
63
28
179
28
0
16
2
6
29
3
217
8
0
5
2
27
5
3
3
4
6
106
3
10
4
35
3
18
8
2
3
70
0
13
0
5
10
7
2
6
3
2
9
30
4
4
0
0
3
31
15
10
35
2
3
90
18
29
0
19
65
4
46
16
0
4
30
1
1
238
18
5
11
23
13
511
6
26
9
17
0
7
14
64
205
19
13
8
54
7
1
0
2
85
2
38
77
5
3
21
11
18
0
4
9
8
2
34
2
32
0
4
8
4
4
8
3
114
2
1
265
22
50
2
110
1
16
4
0
14
0
0
251
6
28
65961
1
102
74
0
314
3
21
2
2
2819
2
195
2
8
0
98
19
2
6
5
1
4
0
15
9
3
4
44
91
7
14
60
44
58
1
30
0
18
83
1
441
2
7
56
4
2
5
28
16
2
23
5
24
36
4
42
14
0
32
0
22
2
3
1
1
9
4
272
102
15
1
10
1
1
4
47
0
8
50
8
6
2
5
10
0
0
74
2
1
5
3
4
1
3
42
4
28
0
0
17
0
7
2
4
10
26
2
4
57
16
7
13
5
0
11
5
0
2
10
44
14
3
6
1
17
13
23
1
4
23
29
105
125
36
25
6
10
3
1
4
28
5
132
3
0
22
0
4
11
18
1
73
13
2
1
11
8
1
3
1
10
4
5
1
3
18
17
4
17
8
1
156
0
0
26
10
55
5
7
33
21
1
61
0
5
76
29
123
7
74
5
17
2
8
69
2
5
42
4
3
4
13
0
51
9
7
10
12
3
10
16
6
22
12
25
43
52
7
19
80
7
2
4
22
22
3
34
30
11
1
34
44
5
28
21
1
31
2
4
1
1
20
126
61
3
16
5
5
2
2
5
1139
0
8
4
56
17
4
20
3
581
95
26
0
42
15
79
10
10
17
3
228
35
12
683
18
11
21
5
18
8
18
24
12
50
8
3
31
3
6
1
10
37
0
0
1
0
8
9
3
22
108
24
2
12
6
15
5
3
12
23
7
4
0
5
19
10
1
1
2
9
12
47
2
8
10
445
4
36
0
20
4
8
0
1
6
0
6
69
1
0
5
34
50
1
4497
0
0
20
0
6
50
35
128
55
18
0
0
78
136
4
5
3
14
14
8
0
11
7
2
7
17
7
3
5
61
9
11
2
3
23
128
7
5
0
364
57
15
4
5
2
0
6
90
92
47
56
13
9
24
28
0
19
7
9
1
11
137
13
5
30
7
15
9
23
18
51
194
0
0
2
3
4
8
126
11
189
11
0
1
3
22
13
0
23
16
76
0
6
50
6
0
157
2
0
9
21
30
11
260
4359
27
2
599
7
7
10
5
4
4
10
1
9
1
19
3
18
1
9
0
1
5
28
0
12
1
22
1
24
47
10
18
1236
1189
19
10
2
46
0
13
35
3
9
4
3
32
3
16
5
2
12
28
35
67
1
25
2
5
6
10
0
16
0
5
3
3
585
1
16
73
35
5
85
5
23
72
6
0
0
72
0
28
9
55
18
31
0
33
30
0
23
6
12
4
119
7
14
2
0
128
41
29
16
21
35
6
30
20
0
857
86
2
1
56
24
0
6
14
27
145
6
12
2
6
33
7
0
0
65
9
0
12
1
2
26
1
69
1
18
50
6
5683
3
65
77
2
133
10
13
5
2
7
64
0
380
0
17
8
55
0
7
27
1
1
1
12
36
3
1
4
5
3
1
1
6
8
0
58
1
10
2
3
5
18
36
1
5
7
8
2
4
19
2
5
2
12
16
5
128
128
45
17
3
15
15
4
15
13
0
24
183
0
16
2
47
8
19
12
88
361
69
1165
9
1
14
5
19
0
17
0
3
176
72
7
5
10
4
16
6
18
14
45
2
4
30
0
5
60
24
14
16
6
41
36
3
28
3
1
10
14
12
25
13
20
14
0
7
17
114
10
5
31
1
1
131
263
13
4
11
25
10
6
22
143
7
33
30
3680
7
4
23
2
7
33
9
21
373
27
21
3
23
1
37
31
21
162
8
96
0
0
6
4692
208
1
372
28
1
52
8
45
19
25
15
1
38
14
7
4
0
86
8
3
104
34
4
83
12
9
9
4
15
3
27
32
10
0
1
7
1
15
6
468
10
1
1
4
1
18
0
65
8
7
37
39
2
279
6
12
34
0
0
12
16
0
5
1
9
25
0
13
1
78
6
179
3
27
80
5
19
4
4
24
8
13
266
18
17
3
20
0
1
0
15
16
5
29
1
0
4
12
219
0
61
9
16
829
762
0
33
29
50
3
912
2
2
0
20
3
17
21
9
67
2
5
23
8
11
17
3
2
15
1
6
1
24
7
28
152
1
21
6
5
75
2
51
12
0
421
2
2
61
2
4
30
9
9
8
49
7
8
0
37
88
60
0
6
1403
9
211
17
2
48
37
22
206
0
30
5
2
0
7
9
13
22
0
116
20
14
2
18
33
100
16
57
3
13
2
11
23
17
32
8
43
34
11
5
17
4
16
2
1
3
276
3
0
61
4
45
3
17
5
29
26
2
31
88
5
22
3
13
4
0
16
13
0
5
4
9
27
47
18
1083
5
10
17
16
114
40
1
7
0
1426
4
107
0
1
1
13
12
15
3
64
34
1
0
6
2
10
183
168
5
9
348
1
102
90
4
13
0
50
1
36
45
7
787
7
148
216
42
3
1
46
149
3
878
5
2
22
5
10
3
4
1
54
7
13
1
3
14
9
11
1
1
11
97
3
43
35
90
3
21
0
35
2
2
3
51
9
0
8
5
20
0
166
8
1
10
6
0
4
4
24
1
5
26
152
1
0
2
13
1
58
4
233
10
5
41
37
6
7
269
2
32
3989
15
2
7
23
19
2
2
28
4
53
56
25
0
1
33
30
0
44
2
4
14
6
10
15
23
14
18
54
6
29
5
13
2
9
5
3
2
28
14
3
5
25
2
9
4
11
1
2
1
3
2
5
23
6
54
0
4
196
9
8
5
35
1
5
1
3
17
1
0
191
7
26
1
1
45
55
0
5
234
1
12
44
2
2683
3
7
49
18
14
48
2
98
2
1
47
1
12
9
1
18
14
89
20
1
0
6
9
5
15
3
0
3
19
0
1
3
10
6
23
12
22
9
27
71
178
5
101
7
3
37
280
6
8
2
3
6
5
8
9
1
2
52
0
0
110
22
155
6
3
48
7
1122
2
40
26
3
7
15
160
6
3
104
15
93
19
28
2
10
5
20
4
56
5
25
9
0
33608
2
3
7
0
10
4
10
11
48
4
44
18
1
177
15
14
18
19
1
15
1
18
3
1
19
0
29
1
26
36
0
4
5
9
25
0
29
0
5
3
6
0
209
15
25
1
21
0
15
15
4
3
26
0
789
5
13
4
5
20
12
0
17
4
0
1
10
23
3
5
6
5
0
93
20
4
37
11
32
157
1
9
35
5
9
13
79
7
16
10
1
1
14
34
9
5
7
3
0
15
6
1
299
186
8
82
27
0
30
319
17
14
11
28
40
49
2
1
1
46
2
10
29
26
2
1
3
15
1
9
8
37
237
7
1
55
32
4
5
2
26
0
88
45
5
3
143
0
2
7
11
4
8
68
17
2
76
31
19
16
6
2
2
19
18
0
26
123
16
2
37
16
16
205
1
1
87
1
15
39
6
11
5
14
38
1
6
23
2
0
57
13
35
9
1
294
2
13
20
5
1
2
62
12
0
2
38
0
149
2
7
1
6
97
5
116
12
3
9
5
1
4
2
6
22
9
23
17
6
1
1
7
1
2
52
19
2
34
15
5
21
31
7
8
15
3
4
545
2
0
12
411
6
0
78
6
175
0
5
13
3
27
8
5
6
13
15
18
29
17
1
0
27
4
40
0
12
6
13
3286
166
50
2
7
2
1
29
366
85
16
10
17
34
239
9
21
2
22
7
31
82
83
67
3
1
2
24
10
35
315
17
5
0
0
385
5
31
1
20
9
2
104
3
79
17
0
111
103
0
18
22
2
7
5
1
60
11
34
4
21
246
2
53
17
1526
1
9
13
4
58
9
22
40
4
73
1
1
20
4
6
7
7
11
19
15
59
2
15
7759
46
1
5
40
15
39
3
9
65
4
9
0
10
17
1
505
3
35
100
7
48
5
109
0
244
17
4
12
1
8
31
1
117
2
8
28
11
6
60
12
13
35
35
2
26
12
130
0
4
85
4
10
31
32
49
25
6
144
34
13
1
1
24
108
35
11
51
10
97
63
7
27
2
24
2
204
9
43
270
13
40
6
10
14
11
14
45
13
2
5
1
3
12
28
28
52
15
43
18
15
23
7
581
17
5
31
27
13
5
1
2304
2
68
627
6
0
23
17
14
3
14
29
3
2
31
33
32
14
27
9
0
818
185
8
18
11
7
5
42
6
341
1
3
59
26
2
6
5
15
82
322
4
0
4
19
33
17
3
0
3
1
87
8
3
33
7
0
32
14
12
13
11
8
0
20
48
3
353
7
130
23
0
2
1
55
2
1
31
27
2283
7
0
0
18
38
1
1
65
5
13
1222
37
109
1
23
2
6
0
0
8
7
29
1
36
28
27
216
0
32
4
10
154
3
12
7
34
281
3
16
29
234
8
5
10
28
315
3
0
15
4
3
4
11
23
2550
22
42
4
35
231
4
2227
5
1
58
5
12
113
23
1
739
44
9
7
435
8
62
52
3
13
6
376
11
316
0
111
2
11
22
9
71
0
1
88
3
6
4
0
2
1
2
95
15
25
5
4
28
0
2
43
7
1
1
31
26
41
52
45
8
8
48
31
1
19
21
9
9
18
11
25
138
1
9
128
3
68
12
1
3
19
1
3
231
1
18
3
5
468
0
25
0
16
11
9
6
18
38
9
182
293
13
4
14
43
55
23
17
6
182
3
333
5
5
10
114
12
23
8
3
37
1
2
42
12
93
2
0
6
2
5
35
2
9
0
401
72
4
3
12
13
48
1
16
72
322
7
28
4
4
2
16
0
29
0
75
2
5
14
39
16
2
10
4
5
6
10
6
9
0
46
6
99
5
255
4
67
2
7
27
1
5
30
45
12
31
5
36
20
270
4
0
20
1
10
3
30
9
14
5
0
7
1
7
4
19
56
5
500
3467
8
2
13
51
0
9
3
66
10
34
109
92
5
46
34
48
2
2
15
14
4
2
1
16
30
5
144
8
0
17
2
8
4
39
0
149
25
7
2
13
663
20
72
54
3
2
# количество точек 4000
