# Студент Чебаков, группа Б03-604
# Симуляция на основе генератора псевдослучайных чисел
# Распределение: poisson, интенсивность mu = 10.0
15
23
10
14
6
8
13
13
14
8
9
13
9
11
10
16
6
9
10
9
8
9
9
9
12
12
10
11
9
9
15
9
10
8
15
8
7
5
6
7
11
16
7
13
15
7
6
11
13
8
9
7
14
8
10
11
12
11
10
12
10
6
8
8
11
9
12
9
13
12
8
12
11
12
9
11
12
14
13
9
10
7
9
11
10
8
11
9
10
14
12
11
19
11
11
11
10
10
16
9
6
6
5
11
13
7
13
10
9
9
14
9
10
9
12
15
7
3
12
10
6
10
7
9
7
12
14
8
10
12
14
6
7
3
9
10
5
10
12
10
9
14
6
8
14
7
10
16
11
6
13
6
7
13
9
13
4
10
14
12
7
16
11
10
10
10
3
12
10
7
15
9
5
12
7
9
9
10
17
7
15
12
12
7
13
4
15
12
11
12
13
7
13
14
6
9
11
7
8
11
7
9
8
12
12
11
10
6
9
8
11
13
7
5
8
13
10
7
4
5
7
11
7
14
8
14
11
9
15
8
5
8
10
9
7
16
10
14
10
9
10
9
9
11
6
10
16
8
10
13
15
11
11
7
10
4
6
5
8
14
5
14
9
8
12
8
8
13
6
10
9
8
10
11
3
11
13
16
8
6
11
9
13
10
13
10
11
11
13
9
6
9
7
12
11
14
7
12
11
9
10
12
14
9
13
12
10
10
5
11
6
8
4
8
12
9
6
21
3
10
13
8
11
21
4
7
11
11
11
10
10
15
9
10
10
6
14
14
12
15
8
12
8
9
7
9
8
12
9
11
6
12
5
8
8
13
14
13
10
12
14
11
13
11
3
8
7
6
9
5
12
12
12
8
4
11
10
15
11
5
9
7
10
12
2
9
11
13
8
5
15
7
13
8
9
12
12
11
11
12
9
9
11
9
7
17
14
7
8
11
12
3
12
4
15
15
10
7
7
5
9
8
7
11
8
13
6
11
10
14
11
11
9
9
7
10
12
8
13
8
6
9
6
10
9
11
7
9
12
10
10
9
8
6
9
12
9
8
11
8
9
14
11
8
14
10
5
5
7
11
17
12
11
11
9
7
15
11
15
14
10
13
8
7
13
5
6
5
6
4
12
11
14
13
6
13
10
4
13
9
9
9
4
11
13
13
3
13
12
10
11
13
16
12
10
10
9
9
15
12
13
10
16
8
15
14
13
8
8
10
7
4
11
13
5
8
8
14
9
21
13
9
10
6
7
7
12
14
8
15
9
6
11
9
8
12
7
11
4
15
7
13
5
9
10
8
6
8
8
8
15
14
9
11
11
7
7
9
5
5
9
10
9
6
13
17
16
13
9
8
11
12
5
5
13
8
9
13
5
4
11
7
8
11
8
5
9
13
15
8
13
11
12
3
7
8
6
17
9
11
10
11
6
9
11
10
9
14
13
3
11
10
9
13
12
10
4
8
8
8
5
10
5
15
5
10
9
11
6
5
15
12
3
8
10
11
10
9
8
10
15
11
11
12
11
5
10
10
9
11
15
8
5
13
12
9
8
10
8
6
10
10
7
7
12
9
11
5
9
9
8
13
13
6
12
8
8
6
9
8
11
7
9
13
5
5
6
6
7
5
11
8
11
6
7
9
14
9
16
10
12
10
16
8
8
8
6
6
15
8
7
9
12
19
12
13
14
12
14
6
7
9
9
7
13
11
8
11
12
10
9
12
4
6
7
9
12
14
14
6
15
13
14
19
13
17
8
11
9
14
6
8
10
7
13
12
12
8
9
11
10
14
5
15
9
5
13
7
10
7
14
12
12
11
13
14
7
12
13
10
9
8
12
10
12
11
10
16
14
16
7
8
10
12
12
16
8
11
13
12
12
11
7
12
9
14
5
13
11
13
14
8
6
12
9
6
14
11
10
8
9
10
6
10
5
9
7
10
10
7
16
2
7
11
13
11
12
11
13
18
13
8
16
14
11
8
13
11
10
18
13
10
11
4
8
7
11
10
13
6
12
12
9
10
9
4
13
14
9
10
13
7
11
11
7
12
16
7
12
12
16
11
8
7
9
8
9
10
15
11
10
14
10
13
12
9
7
9
10
7
9
6
13
12
12
8
18
12
9
5
9
11
12
8
14
9
11
9
14
6
8
12
7
15
8
11
6
7
9
9
11
8
7
11
5
8
9
13
10
9
5
9
8
17
10
7
7
8
15
12
6
10
6
12
9
6
9
13
15
9
14
13
14
12
11
15
10
8
12
10
5
11
8
12
9
9
4
8
11
7
# количество точек 1000
