# Студент Чебаков, группа Б03-604
# Симуляция на основе генератора псевдослучайных чисел
# Распределение: pareto, интенсивность mu = 10.0, показатель alpha = 1.0
9
71
13
7
11
12
0
23
6
5
50
1
2
58
1
25
4
12
1
220
1
3
6
0
36
1
2
220
3
2
1
0
3
7
20
0
0
54
38
0
83
7
57
1
2
260
35
73
9
0
40
6
80
6
6
0
856
2
188
16
61
12
68
7
19
34
2
0
2
36
4
0
35
179
3
1
11
78
261
22
65
4
5
2
30
113
6
1044
12
55
10
15
1
43
4
30
1
22
11
2
7
11
60
13
2
1723
3
26
0
15
245
92
8
1
6
3614
6
39
18
12
11
2
452
0
0
11
75
7
29
6
5
0
4
7
1
20
72
0
84
32
0
0
20
12
15
378
3
29
296
0
29
1
11
6
12
22
9
28
128
167
4
34
2
6
12
202
96
3
41
18
11
9
131
115
0
0
1
1
2
7
4
18
7
154
1
29
9
0
94
9
0
7
0
6
7
35
65
5
3
2
2979
14
27
10
12
1
10
5
4
4
19
0
25
12
10
376
58
14
7
7
3
11
19
17
151
26
60
32
0
108
1
1
30
323
5
4
2
4
30
0
7
2
3
0
2
13
40
7
60
23
3
80
351
1
5
20
8
24
51
8
3
3
8
17
57
15
4
3
56
105
13
2
0
17
6
5
1
125
3
22
2
367
10
155
6
12
3
6
6
50
8
1
12
12
15
6
12
25
3
7
7
6
49
13
0
29
2
65
34
0
20
16
23
14
33
2
14
4
4168
197
24
1
0
0
188
33
1
6
313
0
7
7
7
131
1
1
11
2
6
65
0
18
181
105
19
52
700
8
9
12
22
2
1
10
8
7
2
8
0
28
223
7
28
40
44
2
15
4
5
58
92
1
4
181
32
4
4
0
6
18
73
45
45
0
5
0
8
0
0
92
8
9
13
92
37
29
36
8
12
30
0
78
1
8
3
10
49
1
2
236
89
1
5
13
1
0
19
10
175
2
0
0
61
10
3
2
25
19
5
3
4
73
0
67
12
84
19
3
4
100
9
5
11
14
76
16
0
5
0
45
28
23
119
0
12
5
0
4
65
2
153
0
9
478
101
5
45
18
0
360
28
26
32
9
0
18
17
48
7
5
119
2
3
27
0
35
5
25
3
41
2
303
38
14
20
37
5
24
12
6
14
28
48
36
48
17
2
0
79
6
3
25
4
2
60
8
2
5
518
1
191
13
3
67
28
7
9
4
32
14
13
211
21
54
0
345
13
1196
3
31
50
5984
0
8
2
14
48
5
119
12
3
36
1546
62
3
29
12
3
30
11
3
3
0
103
69
17
3
14
2
1122
36
0
59
17
1
8
2
14
2
61
5
10
25
36
8
47
20
19
0
5
13
1
347
28
0
83
10
33
0
10
489
53
7
3
6
1
31
34
22
18
19
17
47
0
0
12
5
1
4
26
42
2
1
5
15
0
11
0
29
291
1
5
4
3
10
21
269
11
30
49
20
311
4
8
1
17
11
0
5
0
67
23
7
0
27
2
17
55
345
11
14
9
22
24
20
0
71
9
7
66
4
12
9
90
7
0
177
17
10
3
7
5
21
2
0
27
11
27
566
4
15
75
20
7
70
196
23
119
2
14
3
14
3
67
2
3
2
1
1
11
24
16
22
0
1
5
5
1
6
0
79
931
1233
128
0
16
85
7144
0
2
0
46
10
11
42
52
14
15
5
20
22
31
115
32
19
6
2
8
1
8
0
31
34
6
2194
9
12
5
36
2
0
233
0
45
7
764
356
5
32
2
63
5
4
23
3
56
735
13
2
1
18
4
1
37
0
4
0
0
4
44
1
3
23
18
2
103
2
41
16
10
5
8
566
3
8
238
28
24
0
1
52
38
1
6
9
34
2
1
1
12
151
205
68
3
13
73
0
0
2
5
4
2
5
52
1
151
6
10
48
7
5
176
2
2
1
39
8
7
3
1
83
14
25
1
4
2
91
24
3
0
8
33
3
0
1
10
65
7
177
11
26
7
0
0
20
22
30
0
0
11
0
543
10
35
0
25
34
14
6
31
165
1
4
9
58
20
14
3
6
0
6
19
5
2
20
4
59
5
5
16
0
12
6
3
17
25
10
6
4
11
6
21
4
1
23
6
8
21
1
4
137
102
13
1
2
12
818
143
26
1
11
302
7
31
2
3
3
13
9
136
9
13
1
2
81158
2
15
27
22
469
0
19
112
138
7
0
89
3
65
121
1
7
22
2
0
0
45
0
5
9
3
11
20
3
12
18
9
3
5
16
2
6
25
16
12
17
56
98
11
579
94
11
0
4
6
46
0
174
7
5
8
4
0
6
13
3
4
41
32
2
8
5
3
18
16
2
3
22
27
6
2
9
0
5
0
4
3
36
0
5
23
104
3
6
4
22
0
0
66
1
6
52
20
9
1127
14
16
0
26
0
170
3
889
1554
17
11
9
5
51
8
0
4
20
3
24
4
25
7
5
55
19
33
27
4
2
36
0
21
55
16
7899
21
23
39
35
35
3
5
22
5
1
27
0
22
25
0
37
2
1
0
6
6
29
6
7
12
3
4
0
0
7
12
2
13
124
9
6
61
23
25
64
3
11
1
0
4
16
1
3
6
2
2
3
19
261
47
6
4
6
286
26
22
4
4
13
8
10
58
0
69
1
102
10
118
7
9
9
15
6
15
8
1
9
1
3
14
18
6
6
12
22
7
13
110
16
0
2
3
63
86
30
51
6
22
7
28
251
21
54
2
13
19
3
37
22
5
6
443
7
2
18
72
14
1
3
171
26
0
22
7
33
4
1
15
3
10
1
1
4
5
22
277
4
70
3
3
34
0
4
16
16
9
17
9
30
1
37
27
18
6
211
1
4
2
213
21
43
17
28
0
27
2
23
4
1
1
2
229
13
41
36
0
1
6389
6
11
347
15
43
147
35
85
6
4
1
26
0
0
136
2
83
5
113
20
3
5
47
2
15
9
9
52
15
4
1
12
10
3
64
20
24
7
0
3
27
5
4
12
10
9
47
3
2
6
0
21
9
3
63
14
235
22
4
8
0
16
3
4
3
3
1
14
7
10
8
71
41351
2
10
28
34
2
44
5
13
3
23
15
29
21
2
44
6
11
28
156
13
4
17
1
190
2
146
19
6
282
0
54
4
10
5
5
2
43
4
2
4
5
53
15
48
2
11
7
157
34
35
11
30
10
13
106
4
25
1
84
9
18
42
2
21
125
9
214
1
19
11
10
29
23
35
2
3
6
0
6
3
539
9
7
2
18
2
26
72
85
530
0
1
3788
0
5
6
24
21
3
15
8
1
0
5
184
296
497
71
4
3
9
1
2
1
6
2
1
1
0
8
0
43
22
15
5
76
2
5
14
39
88
21
72
11
41
4
4
63
2
18
18
0
445
21
44
22
2
133
3
2
7
178
36
12
137
19
13
18
0
8
25
4
20
6
124
16
21
21
2
1
3
23
8
19
58
26
4
0
0
50
10
8
2
10
15
1
5
26
4
4
25
14
39
7
59
4
105
39
6
36
5
127
233
7
49
30
583
126
70
10
30
0
88
1
1192
2
24
108
1
0
34
25
0
1
7
493
4
2
4
1
10
5
22
72
7
28
37
27
1
25
5
3
13
8
301
1
4
6
1
23
1
50
6
26
24
1
24
0
3
21
6
2
129
0
1
14
184
3
0
13
12
0
61
0
1
12
3
11
18
5
4
0
5
99
170
13
21
473
85
0
0
10
10
9
4
130
1
9
20
1
18
4
0
46
4
14
281
119
127
56
3
9
101
0
8
1
21
1
524
983
11
3
16
9
178
19
18
13
16
15
17
33
0
6
0
2
36
5
70
61
3
3
9
67
29
6
3
3
0
12
24
33
2
4
183
3
0
3539
36
14
9
17
7
26
6
32
36
83
6
8
12
17
6
6
2
17
6
13
0
8
0
18
54
65
105
5
29
42
5
0
1
5
14
14
1
4
11
1283
8
3
0
0
7
1053
7
7
8
34
74
2
151
17
1
10
34
0
3
54
5
11
35
2
1
4
0
34
5
0
845
36
1
9
1
18
1
2
6
25
14
77
6
12
2
3
1
3
22
68
1
7
16
10
4
48
14
23
1
9
3
0
6
0
9
2
0
117
133
6
26
1
9
8
0
4
394
16
2
9
7
885
5
30
5
24
2
12
4
25
6
184
25
1
3
53
93
43
55
92
5
130
0
1
9
6
49
5
9
6
2
19
0
26
4
16
8
4
2
88
25
59
108
86
3
56
595
28
25
5
2
4
7
92
96
16
7
1
6
77
20
0
352
103
8
53
4
4
148
1
0
10
12
3
635
2
6
4
6
15
185
24
2
7
0
0
14
3
74
248
0
10
15
7
11
1
6
99
15
24
8
24
378
6
1
6
0
0
16
241
2
12
61
2
0
1
7
1
2
17
1
302
0
0
17
1128
7
3812
9
4
4
4
18
11
6
6
8
0
12
18
1
33
32
6
4
4
0
547
6
0
1
60
34
17
8
1047
10
28
73
2
6
1
5
217
23
51
14
4
1
14
0
6
0
0
2
4
15
2
30
8
14
73
6
19
35
4
13
10
24
11
27
9
13
13
0
181
50
0
2
7
46
110
4
22
2
4
140
7
51
31
19
19
155
34
33
11
492
0
9
90
6
5
36
27
4
2
32
15
41
15
82
19
9
7
4
1
7
18
12
11
2
14
3
22
9
36
4
1
93
0
1
0
2
2
0
6
2
14
183
42
0
240
5
183
1
8
54
3
3
4
0
4
12
0
45
8
10
2
0
1
29
0
140
1
37
3
186
0
14
0
18
6
199
7
37
0
7
21
17
11
5
49
78
8
2
0
1
17
3
6
27
15
2
8
28
9
8
4
5
36
71
17
19
3
4
29
83
12
98
15
16
434
8
17
20
3
29
1
1
5
30
4
1
5
94
15
0
60
4
0
6
40
0
4
20
43
87
63
4
17
25
251
23
413
52
43
4
3
20
9
120
13
0
9
109
3
7
13
77
28
0
0
14
11
22
3
12
2
12
2
44
20
40
12
0
16
104
6
169
12
6
6
4
30
5
2
32
39
30
74
75
11
0
6
1
42
297
5216
13
9
192
2
39
0
0
216
12
38
12
4
2
6
0
49
9
10
14
5
54
20
43
2
1
38
110
4
161
0
2
126
204
0
0
81
30
10
11
14
21
20
1
0
662
6
32
22
0
543
14
13
117
42
11
15
34
11
2
5
122
14
9
0
5
13
30
0
18
39
11
0
7
44
20
19
5
5
0
0
17
47
0
71
3
19
26
2
20
7
15
87
8
14
12
46
8
8
8
2
30
0
229
0
1
0
36
3
0
5
22
28
15
5
3
64
87
54
1
9
22
124
2
2
2
122
1
2
7
15
53
1956
158
6
6
62
4
0
16
25
4
123
3
56
42
26
0
1
20
126
0
33
196
136
969
7
42
408
2
2
146
73
9
52
67
1
22
7
5
4
58
16
46
28
45
9
2
10
1
21
6
0
11
78
14
2
138
27
0
17
29
41
52
150
9
2
159
1
2
37
3
0
6
5
14
11
20
24
16
1
2
20
5
1
1
3
2
0
1
16
13
31
6
9
4
14
4
6
35
0
56
11
18
9
3
0
5
4
10
10
3
7
3
11
3
0
9
8
37
54
127
45
59
1
1284
9
58
8
54
0
0
468
6
23
0
0
6
9
9
5
31
6
1
2
0
44
14
7
124
1
7
20
37
4
678
1336
8
6
0
27
59
9
303
4
16
170
24
168
4
1
5
13
15
125
16
8
644
7
20
1
16
78
0
0
5
0
2
18
9
1
79
82
4
14
51
32
7
4
13
0
24
11
16
81
173
7
5
21
2
3
3
11
13
6
22
18
33
10
0
116
1698
1
0
24
0
254
49
5
7
118
0
13
47
15
31
10
0
29
5
0
0
23
2
10
12
11
0
26
9
15
0
7
5
98
56
16
0
0
11
1
93
27
12
17
17
14
3
8
0
9
95
1
173
1
3
7
7
57
2
11
19
0
3
14
1
2
14
0
45
20
32
0
3
12
1
1
9
3
3
4
49
8
34
36
4
6
66
30
5
5
16
3
270
5
12
54
12
6
1
133
749
15
8
7
373
5
6
48
1
10
4
2
9
3
27
39
3
3
3
4
4
15
56
75
19
3
32
9
39
108
1
11
5
5
13
1
21
68
52
20
28
12
65
2
1330
46
1
5
1
10
63
20
19164
30
16
21
16
16
0
17
240
4
180
1
31
3
103
31
45
57
64
0
0
8
13
14
189
70
7
4
23
11
92
7
15
18
8
0
19
6
7
41
28
10
2881
21
57
116
14
7
23
22
16
0
44
8
30
12
12
3
13
22
7
3
5
234
52
8
18
10
12
1
13
0
14
1
56
2
2
2
7
1
48
11
1
7
3
28
4
0
0
32
15
11
3
7
19
26
31
24
7
6
4
22
0
1
22
38
20
3
1
4
6
41
6
4
1
8
0
1
21
7
2
0
6
3
19
35
5
29
16
2
8
12
12
4
278
63
15
3
22
89
1
1
3
13
6
24
0
323
18
9
72
27
0
5
2
5
19
24
11
1
63
2
5
13
0
72
19
13
32
4
14
10
23
7
129
2
0
0
10
10
94
4
30
67
1
5
14
1
11
25
33
4
124
10
3
89
10
0
13
7
25
14
5
8
0
539
4
54
0
29
12
31
32
8
0
104
12
15
31
109
30
13
61
73
2
155
43
48
7
0
2
3
8
0
0
3
5
9
0
30
1
0
5
14
5
2
15
36
22
15
10
23
1
13
42
54
52
54
27
15
33
12
1
37
30
0
5
27
5
9
2
0
6
27
3
42
2
8
118
2
7
80
21
0
4
4
15
7
1
14
10
5
10
26
90
0
10
0
1
33
1
19
50
87
0
392
17
26
14
29
2
11
108
10
2
2
0
24
0
7
10
25
82
1
3
6
1
1
5
19
4
20
29
27
6
19
0
26
2
1
6
0
10
1
30
1
30
68
17
8
22
36
243
113
44
7
4
38
4
61
7
256
1
0
34
123
3
18
9
959
7
5
4
1225
12
35
0
76
7
9
0
47
0
10
12
11
326
378
338
1
11
19
7
586
1
0
12
2
18
1
5
3
63
155
9
35
4
10
1
4
9
15
1
5
160
6
0
5
10
1
9
4
24
161
88
3
4
10
0
91
3
7
8
26
3
133
7
70
1
17
2
14
12
8
86
25
1
7
0
101
28
3
15
9
20
12
6
24
10
0
0
8
20
56
14
6
45
65
0
9
5
12
164
66
4
0
121
29
5
43
44
1
3
178
122
7
35
12
4
0
24
133
0
1575
50
10
3
4
48
5
21
50
72
15
2
4
0
3
61
6
37
21
5
0
2
1
0
0
4
16
6
0
30
18
6
0
0
0
4
9
17
4
3
10
70
3
3
17
0
1
0
38
1
3
1
11
3
56
4
8
18
48
32
1
40
8
6
13
32
64
1
5
28
4
108
24
12
25
0
18
58
195
46
1
15
1
22
2
5
11
9
6
1643
0
4
96
11
603
253
2
158
26
56
75
5
6
98
30
19
36
7
0
1102
20
4
1
10
12
5
101
1
6
11
1
108
0
1
6
58
45
3
56
0
6
15
22
7
8
53
37
0
5
147
1
55
328
4
11
22
0
142
4
28
0
9
1
50
44
19
2
81
1
164
6
38
159
37
0
1
16
3
7
0
8
4
0
3
0
0
12
33
7
0
24
4
8
3
7
2
107
0
3
5
15
1
1
28
58
12
49
684
1725
3
25
16
4
5
2
21
7
267
6
7
47
18
21
14
69
1
41
2
1
6
34
44
29
9
91
8
2
29
2
1
8
6
3
6
3
99
35
8
14
103
6
3
12
0
0
1
2
1
6
9
0
3
229
119
312
114
7
35
13
19
24
1
18
13
11
116
104
258
10
7
120
0
29
6
350
78
26
5
1534
4
7
4
43
19
6
312
15
3
2
3
7
25
214
14
1
3
9
29
6
72
1
28
83
2
5
590
60
1
16
5
10
29
3
4
72
4
0
490
0
9
2
9
3
2
12
7
3
6
8
50
1
17
9
1695
7
21
20
2
84
1
14
26
8
1023
14
42
1
1
33
6
2
2
9
139
1
5
8
0
7
32
17
16
65
6
15
10
0
0
21
3
0
54
3
7
2
27
303
1
9
2
3
356
5
7
26
8
22
17
58
7
10
4
23
25
69
175
21
63
59
33
7
235
13
2
1
164
13
165
14
14
1
12
1
18
14
5
8
30
17
13
14
78
17
19
29
21
29
16
16
7
9
20
5
5
38
222
3
6
14
7
0
8
4
4
9
0
0
18
4
49
5
4
13
28
21
2
2
74
11
2
0
0
4
6
13
1
0
26
12
26
1
6
2
7
249
5
1
10
8
31
0
2
26
369
1
1
4
10
18
0
6
3
8
7
1
3
101
0
11
17
2
294
82
460
1
69
540
7
8
26
8
3
18
23
0
71
93
4
0
21
14
30
77
0
25
2
429
0
2
12
930
25
6
0
75
1
53
1
4
5
13
130
42
4
5
26
55
0
6
121
40
39
2
17
27
0
0
8
8
15
127
22
12
15
101
6
5
3
13
90
151
3
12
0
16
358
12
64
3
3
135
1
36
4
21
26
62
2
49
7
10
1
0
234
666
2
0
44
1
2
2098
235
8
0
1
4
0
8
18
4
1
1
12
7
4
5
39
2
38
4
5
62
21
1
0
34
14
1
92
2
3
0
3
2
44
8
6
25
1
2
34
9
19
1
32
1
20
18
7
100
4
3
56
0
6
19
14
7
27
63
55
1
5
9
199
2
82
1
17
24
132
26
6
43
112
56
2
65
45
20
2
6
0
0
4
5
31
37
3
5
3
3
4
1
6
2
85
4
7
2
70
46
17
1
0
5
19
90
3
209
4
14
93
6
6
12
420
15
42
9
0
3288
6
10
2
2
7
24
263
34
44
6
10
30
13
4
22
46
23
4
1
0
13
4
0
22
208
3
19
10
19
13
151
7
35
0
17
77
0
0
9
2
# количество точек 4000
